Dark Measurment Timestamp:20121016T094253
GR_L,0,2,2,3,1,2
GR_R,0,0,0,0,0,0
UV_L,0,2,3,4,1,3
UV_R,0,2,2,6,1,4

Light Measurement Timestamp:20121016T094301
GR_L,2305,2203,2271,2229,2121,2048
GR_R,2149,2228,2525,2478,2561,2457
UV_L,2280,2096,2123,2136,1699,1727
UV_R,2191,2287,2331,2367,2458,2010

Dark Measurment Timestamp:20121023T131212
GR_L,0,2,2,3,1,2
GR_R,0,0,0,0,0,0
UV_L,0,2,3,4,1,3
UV_R,0,2,2,6,1,4

Light Measurement Timestamp:20121023T131302
GR_L,2303,2190,2264,2225,2116,2045
GR_R,2160,2243,2542,2492,2569,2470
UV_L,2269,2081,2120,2120,1691,1712
UV_R,2198,2284,2329,2368,2454,1993

Dark Measurment Timestamp:20121211T115706
GR_L,0,2,2,3,1,2
GR_R,0,0,0,0,0,0
UV_L,1,2,3,4,1,3
UV_R,0,2,2,6,1,4

Light Measurement Timestamp:20121211T115716
GR_L,2308,2197,2260,2220,2108,2028
GR_R,2165,2245,2545,2502,2583,2475
UV_L,2265,2080,2103,2111,1678,1693
UV_R,2180,2275,2315,2348,2450,1999

Dark Measurment Timestamp:20121231T104635
GR_L,0,2,2,3,1,2
GR_R,0,0,0,0,0,0
UV_L,1,2,3,4,1,3
UV_R,0,2,2,6,1,4

Light Measurement Timestamp:20121231T104656
GR_L,2313,2201,2267,2225,2111,2039
GR_R,2147,2229,2530,2493,2572,2464
UV_L,2261,2082,2106,2106,1679,1703
UV_R,2145,2242,2285,2316,2424,1966

Dark Measurment Timestamp:20130114T092229
GR_L,0,2,2,3,1,2
GR_R,0,0,0,0,0,0
UV_L,1,2,3,4,1,3
UV_R,0,2,2,6,1,4

Light Measurement Timestamp:20130114T092247
GR_L,2319,2206,2275,2233,2117,2048
GR_R,2084,2242,2544,2510,2589,2478
UV_L,2254,2077,2107,2110,1679,1700
UV_R,2232,2260,2304,2337,2445,1999

Dark Measurment Timestamp:20130226T100317
GR_L,0,2,2,3,1,2
GR_R,0,0,0,0,0,0
UV_L,1,2,3,4,1,3
UV_R,0,2,2,6,1,4

Light Measurement Timestamp:20130226T100335
GR_L,2299,2198,2273,2233,2119,2051
GR_R,2085,2245,2542,2499,2580,2475
UV_L,2241,2065,2123,2112,1675,1698
UV_R,2229,2256,2299,2327,2432,1987

Dark Measurment Timestamp:20130304T094825
GR_L,0,2,2,3,1,2
GR_R,0,0,0,0,0,0
UV_L,1,2,3,4,1,3
UV_R,0,2,2,6,1,4

Light Measurement Timestamp:20130304T094837
GR_L,2291,2193,2269,2227,2118,2048
GR_R,2088,2247,2538,2496,2572,2458
UV_L,2236,2060,2121,2117,1672,1705
UV_R,2244,2260,2300,2337,2436,2019

Dark Measurment Timestamp:20130320T114645
GR_L,0,2,2,3,1,2
GR_R,0,0,0,0,0,0
UV_L,1,2,3,4,1,3
UV_R,0,2,2,6,1,4

Light Measurement Timestamp:20130320T114659
GR_L,2297,2198,2271,2229,2120,2052
GR_R,2089,2254,2545,2497,2576,2470
UV_L,2245,2067,2129,2122,1672,1708
UV_R,2237,2255,2296,2332,2438,2023

Dark Measurment Timestamp:20130325T091145
GR_L,0,2,2,3,1,2
GR_R,0,0,0,0,0,0
UV_L,1,2,3,4,1,3
UV_R,0,2,2,6,1,4

Light Measurement Timestamp:20130325T091159
GR_L,2289,2194,2266,2222,2111,2044
GR_R,2085,2246,2537,2497,2576,2469
UV_L,2249,2068,2135,2125,1671,1707
UV_R,2241,2256,2298,2337,2439,2022

Dark Measurment Timestamp:20130415T105533
GR_L,0,2,2,3,1,2
GR_R,0,0,0,0,0,0
UV_L,1,2,3,4,1,3
UV_R,0,2,2,6,1,4

Light Measurement Timestamp:20130415T105557
GR_L,2315,2221,2289,2247,2131,2073
GR_R,2060,2202,2483,2468,2542,2417
UV_L,2244,2078,2125,2131,1678,1718
UV_R,2190,2212,2250,2283,2391,1981

Dark Measurment Timestamp:20130514T094311
GR_L,0,2,2,3,1,2
GR_R,0,0,0,0,0,0
UV_L,1,2,3,4,1,3
UV_R,0,2,2,6,1,4

Light Measurement Timestamp:20130514T094320
GR_L,2306,2208,2280,2230,2112,2068
GR_R,2070,2221,2509,2473,2558,2448
UV_L,2219,2056,2106,2102,1666,1685
UV_R,2191,2218,2256,2305,2407,1995

Dark Measurment Timestamp:20130514T170436
GR_L,0,2,2,3,1,2
GR_R,0,0,0,0,0,0
UV_L,1,2,3,4,1,3
UV_R,0,2,2,6,1,4

Light Measurement Timestamp:20130514T170510
GR_L,2265,2197,2261,2164,2112,2051
GR_R,2158,2108,2316,2276,2439,2369
UV_L,2217,2036,2086,2150,1633,1653
UV_R,2020,2026,1990,1906,2163,1866

Light Measurement Timestamp:20130514T170638
GR_L,2249,2188,2252,2158,2108,2053
GR_R,2125,2143,2315,2237,2430,2293
UV_L,2205,2027,2091,2155,1633,1655
UV_R,2184,2069,2079,2081,2198,1988

Light Measurement Timestamp:20130514T170759
GR_L,2249,2190,2251,2157,2105,2052
GR_R,2200,2253,2443,2360,2559,2396
UV_L,2213,2035,2101,2158,1636,1659
UV_R,2312,2173,2196,2220,2332,2085

Dark Measurment Timestamp:20130520T095233
GR_L,0,2,2,3,1,2
GR_R,0,0,0,0,0,0
UV_L,1,2,3,4,1,3
UV_R,0,2,2,6,1,4

Light Measurement Timestamp:20130520T095243
GR_L,2171,2114,2183,2092,2048,1983
GR_R,2114,2199,2402,2289,2468,2324
UV_L,2115,1942,1995,2063,1574,1600
UV_R,2201,2094,2124,2139,2249,1999

Dark Measurment Timestamp:20130603T095631
GR_L,0,2,2,3,1,2
GR_R,0,0,0,0,0,0
UV_L,1,2,3,4,1,3
UV_R,0,2,2,6,1,4

Light Measurement Timestamp:20130603T095648
GR_L,2244,2189,2262,2167,2121,2052
GR_R,2156,2258,2480,2365,2541,2385
UV_L,2214,2033,2104,2163,1639,1679
UV_R,2280,2174,2215,2234,2355,2106

Dark Measurment Timestamp:20130624T101127
GR_L,0,1,2,3,1,2
GR_R,0,0,0,0,0,0
UV_L,1,2,3,4,1,3
UV_R,0,2,2,6,0,4

Light Measurement Timestamp:20130624T101141
GR_L,2169,2119,2180,2056,2058,1998
GR_R,2073,2170,2393,2294,2432,2296
UV_L,2114,1950,2006,2120,1586,1619
UV_R,2152,2077,2144,2207,2380,1993

Dark Measurment Timestamp:20130729T095721
GR_L,0,2,2,3,1,2
GR_R,0,0,0,0,0,0
UV_L,1,2,3,4,1,3
UV_R,0,2,2,6,1,4

Light Measurement Timestamp:20130729T095728
GR_L,2254,2202,2261,2132,2132,2072
GR_R,2154,2247,2473,2376,2514,2372
UV_L,2194,2033,2088,2211,1647,1689
UV_R,2241,2165,2227,2288,2470,2102

