Dark Measurment Timestamp:20121016T094752
GR_L,0,2,2,4,1,2
GR_R,0,0,0,1,0,0
UV_L,0,2,3,4,1,3
UV_R,0,4,3,6,1,4

Light Measurement Timestamp:20121016T094801
GR_L,2058,2052,2057,1994,1996,1972
GR_R,1828,2127,2136,2195,2228,2030
UV_L,2315,2172,2026,1999,1784,2137
UV_R,1916,2313,2003,2179,2231,1844

Dark Measurment Timestamp:20121023T132140
GR_L,0,2,2,4,1,3
GR_R,0,0,0,1,0,0
UV_L,0,2,3,4,1,3
UV_R,0,4,3,6,1,4

Light Measurement Timestamp:20121023T132150
GR_L,2061,2055,2055,1997,1992,1976
GR_R,1830,2126,2131,2181,2214,2010
UV_L,2318,2183,2031,2005,1792,2131
UV_R,1923,2322,2005,2181,2233,1842

Dark Measurment Timestamp:20121211T120213
GR_L,0,2,2,3,1,2
GR_R,0,0,0,1,0,0
UV_L,0,2,3,4,1,3
UV_R,0,3,3,6,1,4

Light Measurement Timestamp:20121211T120220
GR_L,2009,2004,2004,1942,1934,1901
GR_R,1775,2056,2066,2116,2151,1955
UV_L,2229,2094,1957,1925,1721,2006
UV_R,1843,2210,1896,2074,2094,1740

Dark Measurment Timestamp:20121231T105014
GR_L,0,2,2,3,1,2
GR_R,0,0,0,1,0,0
UV_L,0,2,3,4,1,3
UV_R,0,3,3,6,1,4

Light Measurement Timestamp:20121231T105021
GR_L,2046,2042,2045,1982,1973,1951
GR_R,1804,2089,2098,2147,2181,1984
UV_L,2273,2140,2004,1972,1761,2078
UV_R,1878,2256,1933,2113,2133,1780

Dark Measurment Timestamp:20130114T092324
GR_L,0,2,2,3,1,3
GR_R,0,0,0,1,0,0
UV_L,1,2,3,4,1,3
UV_R,0,3,3,6,1,4

Light Measurement Timestamp:20130114T092332
GR_L,2044,2041,2045,1983,1974,1953
GR_R,1817,2103,2105,2149,2185,1984
UV_L,2260,2138,2001,1969,1759,2077
UV_R,1886,2262,1944,2121,2144,1790

Dark Measurment Timestamp:20130226T100559
GR_L,0,2,2,3,1,2
GR_R,0,0,0,1,0,0
UV_L,0,2,3,4,1,3
UV_R,0,3,3,6,1,4

Light Measurement Timestamp:20130226T100606
GR_L,2045,2047,2053,1993,1979,1966
GR_R,1841,2133,2124,2169,2210,1998
UV_L,2269,2165,2016,1993,1772,2111
UV_R,1932,2323,1994,2169,2198,1836

Dark Measurment Timestamp:20130304T095057
GR_L,0,2,2,3,1,2
GR_R,0,0,0,1,0,0
UV_L,0,2,3,4,1,3
UV_R,0,3,3,6,1,4

Light Measurement Timestamp:20130304T095105
GR_L,2049,2052,2059,2002,1990,1980
GR_R,1847,2130,2119,2162,2197,1986
UV_L,2266,2165,2019,1998,1779,2124
UV_R,1930,2318,1991,2156,2194,1826

Dark Measurment Timestamp:20130320T114954
GR_L,0,2,2,3,1,2
GR_R,0,0,0,1,0,0
UV_L,1,2,3,4,1,3
UV_R,0,3,3,6,1,4

Light Measurement Timestamp:20130320T115006
GR_L,2052,2057,2064,2006,1992,1985
GR_R,1844,2126,2113,2155,2186,1978
UV_L,2267,2165,2021,2000,1783,2126
UV_R,1921,2312,1983,2150,2184,1813

Dark Measurment Timestamp:20130325T091437
GR_L,0,2,2,3,1,2
GR_R,0,0,0,1,0,0
UV_L,0,2,3,4,1,3
UV_R,0,3,3,6,1,4

Light Measurement Timestamp:20130325T091453
GR_L,2040,2044,2052,1994,1976,1972
GR_R,1841,2121,2106,2148,2180,1971
UV_L,2256,2168,2017,1996,1776,2113
UV_R,1928,2324,1993,2162,2209,1826

Dark Measurment Timestamp:20130415T105826
GR_L,0,2,2,3,1,2
GR_R,0,0,0,1,0,0
UV_L,0,2,3,4,1,3
UV_R,0,3,3,6,1,4

Light Measurement Timestamp:20130415T105833
GR_L,2048,2050,2063,2003,1991,1982
GR_R,1830,2109,2092,2150,2171,1982
UV_L,2242,2150,2017,1992,1774,2123
UV_R,1913,2296,1969,2145,2179,1810

Dark Measurment Timestamp:20130514T094347
GR_L,0,2,2,3,1,2
GR_R,0,0,0,1,0,0
UV_L,0,2,3,4,1,3
UV_R,0,3,3,6,1,4

Light Measurement Timestamp:20130514T094354
GR_L,2051,2055,2062,2002,1983,1982
GR_R,1841,2125,2112,2159,2183,1990
UV_L,2238,2155,2019,1991,1771,2117
UV_R,1917,2304,1964,2142,2179,1810

Dark Measurment Timestamp:20130520T095512
GR_L,0,2,2,3,1,2
GR_R,0,0,0,1,0,0
UV_L,0,2,3,4,1,3
UV_R,0,3,3,6,1,4

Light Measurement Timestamp:20130520T095526
GR_L,2033,2038,2051,1996,1979,1982
GR_R,1841,2124,2106,2148,2174,1971
UV_L,2214,2135,1997,1980,1768,2115
UV_R,1920,2312,1969,2140,2179,1808

Dark Measurment Timestamp:20130603T095710
GR_L,0,2,2,3,1,2
GR_R,0,0,0,1,0,0
UV_L,0,2,3,4,1,3
UV_R,0,3,3,6,1,4

Light Measurement Timestamp:20130603T095717
GR_L,2026,2033,2047,1993,1970,1976
GR_R,1842,2125,2113,2158,2185,1975
UV_L,2205,2132,1995,1977,1766,2115
UV_R,1934,2328,1981,2150,2201,1831

Dark Measurment Timestamp:20130624T101435
GR_L,0,2,2,3,1,2
GR_R,0,0,0,1,0,0
UV_L,0,2,3,4,1,3
UV_R,0,3,3,6,1,4

Light Measurement Timestamp:20130624T101442
GR_L,2034,2042,2051,2000,1982,1986
GR_R,1838,2110,2101,2147,2171,1965
UV_L,2200,2138,1999,1982,1770,2117
UV_R,1915,2298,1954,2121,2169,1808

Dark Measurment Timestamp:20130729T100041
GR_L,0,2,2,3,1,2
GR_R,0,0,0,1,0,0
UV_L,0,2,3,4,1,3
UV_R,0,3,3,6,1,4

Light Measurement Timestamp:20130729T100051
GR_L,2023,2029,2047,1987,1976,1975
GR_R,1821,2094,2082,2136,2152,1959
UV_L,2161,2097,1978,1951,1747,2098
UV_R,1885,2254,1914,2087,2120,1778

Dark Measurment Timestamp:20130806T093718
GR_L,0,2,2,3,1,2
GR_R,0,0,0,1,0,0
UV_L,0,2,3,4,1,3
UV_R,0,3,3,6,1,4

Light Measurement Timestamp:20130806T093731
GR_L,2037,2040,2040,1996,1976,1978
GR_R,1842,2107,2109,2154,2190,1960
UV_L,2210,2149,1994,1981,1774,2120
UV_R,1904,2290,1932,2103,2119,1800

Dark Measurment Timestamp:20130806T093916
GR_L,0,2,2,3,1,2
GR_R,0,0,0,1,0,0
UV_L,0,2,3,4,1,3
UV_R,0,3,3,6,1,4

Light Measurement Timestamp:20130806T093922
GR_L,2032,2039,2039,1994,1975,1976
GR_R,1842,2106,2107,2154,2190,1960
UV_L,2210,2149,1992,1981,1774,2117
UV_R,1904,2291,1935,2104,2119,1802

Dark Measurment Timestamp:20130819T101949
GR_L,0,2,2,3,1,2
GR_R,0,0,0,1,0,0
UV_L,0,2,3,4,1,3
UV_R,0,3,2,6,1,4

Light Measurement Timestamp:20130819T101957
GR_L,2017,2021,2029,1980,1959,1961
GR_R,1833,2094,2094,2144,2184,1960
UV_L,2168,2113,1970,1952,1746,2084
UV_R,1896,2277,1924,2098,2105,1788

Dark Measurment Timestamp:20130826T153032
GR_L,0,2,2,3,1,2
GR_R,0,0,0,1,0,0
UV_L,0,2,3,4,1,3
UV_R,0,3,3,6,1,4

Light Measurement Timestamp:20130826T153047
GR_L,2039,2047,2059,2009,1987,1994
GR_R,1854,2116,2118,2166,2204,1979
UV_L,2197,2149,2005,1987,1771,2134
UV_R,1920,2305,1953,2120,2125,1809

Dark Measurment Timestamp:20130903T114356
GR_L,0,2,2,3,1,2
GR_R,0,0,0,1,0,0
UV_L,0,2,3,4,1,3
UV_R,0,3,3,6,1,4

Light Measurement Timestamp:20130903T114402
GR_L,2005,2012,2027,1983,1964,1975
GR_R,1836,2097,2089,2131,2173,1937
UV_L,2155,2118,1973,1964,1751,2095
UV_R,1898,2287,1934,2098,2098,1776

Dark Measurment Timestamp:20130909T135426
GR_L,0,2,2,3,1,2
GR_R,0,0,0,1,0,0
UV_L,0,2,2,4,1,3
UV_R,0,3,3,6,1,4

Light Measurement Timestamp:20130909T135432
GR_L,2027,2034,2047,2004,1982,1995
GR_R,1862,2123,2115,2154,2198,1961
UV_L,2174,2148,1997,1990,1771,2131
UV_R,1928,2319,1969,2136,2140,1811

Dark Measurment Timestamp:20130924T130845
GR_L,0,2,2,3,1,2
GR_R,0,0,0,1,0,0
UV_L,0,2,3,4,1,3
UV_R,0,3,3,6,1,4

Light Measurement Timestamp:20130924T130852
GR_L,2016,2031,2049,2007,1987,2006
GR_R,1853,2115,2110,2155,2195,1959
UV_L,2159,2138,1993,1984,1767,2131
UV_R,1936,2320,1964,2121,2126,1802

Dark Measurment Timestamp:20131001T111731
GR_L,0,2,2,3,1,2
GR_R,0,0,0,1,0,0
UV_L,0,2,3,4,1,3
UV_R,0,3,3,6,1,4

Light Measurement Timestamp:20131001T111738
GR_L,2026,2040,2058,2017,1996,2015
GR_R,1859,2115,2113,2159,2197,1960
UV_L,2160,2145,2001,1991,1778,2146
UV_R,1936,2319,1967,2120,2130,1808

Dark Measurment Timestamp:20131007T165203
GR_L,0,2,2,3,1,2
GR_R,0,0,0,1,0,0
UV_L,0,2,3,4,1,3
UV_R,0,3,3,6,1,4

Light Measurement Timestamp:20131007T165220
GR_L,2018,2034,2053,2013,1994,2014
GR_R,1854,2110,2110,2157,2194,1959
UV_L,2152,2135,1995,1986,1771,2143
UV_R,1925,2305,1956,2107,2112,1799

Dark Measurment Timestamp:20131014T102823
GR_L,0,2,2,3,1,2
GR_R,0,0,0,1,0,0
UV_L,0,2,3,4,1,3
UV_R,0,3,3,6,1,4

Light Measurement Timestamp:20131014T102830
GR_L,2018,2034,2053,2009,1988,2008
GR_R,1853,2112,2111,2159,2198,1964
UV_L,2150,2137,1995,1984,1766,2134
UV_R,1928,2311,1960,2113,2122,1804

Dark Measurment Timestamp:20131104T100857
GR_L,0,2,2,3,1,2
GR_R,0,0,0,1,0,0
UV_L,0,2,3,4,1,3
UV_R,0,3,3,6,1,4

Light Measurement Timestamp:20131104T100911
GR_L,2022,2036,2057,2011,1990,2011
GR_R,1851,2105,2104,2154,2189,1955
UV_L,2145,2142,2001,1993,1771,2141
UV_R,1928,2306,1961,2114,2125,1802

Dark Measurment Timestamp:20131126T161549
GR_L,0,2,2,3,1,2
GR_R,0,0,0,1,0,0
UV_L,0,2,3,4,1,3
UV_R,0,3,3,6,1,4

Light Measurement Timestamp:20131126T161556
GR_L,2021,2036,2056,2014,1996,2018
GR_R,1854,2106,2105,2154,2189,1952
UV_L,2138,2139,1998,1989,1768,2158
UV_R,1931,2308,1963,2108,2125,1802

Dark Measurment Timestamp:20131210T135205
GR_L,0,2,2,3,1,2
GR_R,0,0,0,1,0,0
UV_L,0,2,3,4,1,3
UV_R,0,3,3,6,1,4

Light Measurement Timestamp:20131210T135214
GR_L,2025,2041,2065,2021,2002,2024
GR_R,1852,2103,2103,2153,2181,1951
UV_L,2136,2144,2008,1998,1771,2156
UV_R,1925,2299,1957,2107,2115,1796

Dark Measurment Timestamp:20140107T102806
GR_L,0,2,2,3,1,2
GR_R,0,0,0,1,0,0
UV_L,0,2,3,4,1,3
UV_R,0,3,3,6,1,4

Light Measurement Timestamp:20140107T102812
GR_L,2013,2030,2057,2013,1994,2015
GR_R,1843,2096,2093,2146,2173,1949
UV_L,2110,2123,1995,1984,1761,2141
UV_R,1917,2279,1943,2091,2101,1786

Dark Measurment Timestamp:20140204T094912
GR_L,0,2,2,3,1,2
GR_R,0,0,0,1,0,0
UV_L,0,2,3,4,1,3
UV_R,0,3,3,6,1,4

Light Measurement Timestamp:20140204T094919
GR_L,2010,2024,2052,2008,1983,2009
GR_R,1840,2094,2093,2145,2173,1948
UV_L,2087,2111,1982,1969,1749,2121
UV_R,1919,2285,1944,2097,2108,1790

Dark Measurment Timestamp:20140211T115651
GR_L,0,2,2,3,1,2
GR_R,0,0,0,1,0,0
UV_L,0,2,3,4,1,3
UV_R,0,3,2,6,1,4

Light Measurement Timestamp:20140211T115706
GR_L,1991,2006,2034,1991,1967,1993
GR_R,1828,2079,2077,2128,2155,1930
UV_L,2058,2085,1958,1947,1729,2092
UV_R,1896,2254,1914,2068,2080,1768

Dark Measurment Timestamp:20140225T161822
GR_L,0,2,2,3,1,2
GR_R,0,0,0,1,0,0
UV_L,0,2,3,4,1,3
UV_R,0,3,3,6,1,4

Light Measurement Timestamp:20140225T161851
GR_L,2001,2019,2049,2005,1984,2019
GR_R,1821,2073,2072,2127,2148,1931
UV_L,2067,2105,1984,1969,1743,2122
UV_R,1893,2256,1915,2069,2069,1767

Dark Measurment Timestamp:20140409T100724
GR_L,0,2,2,3,1,2
GR_R,0,0,0,1,0,0
UV_L,0,2,3,4,1,3
UV_R,0,3,3,6,1,4

Light Measurement Timestamp:20140409T100730
GR_L,1992,2006,2036,1985,1968,1988
GR_R,1819,2074,2075,2129,2148,1940
UV_L,2024,2064,1954,1935,1716,2081
UV_R,1882,2238,1899,2059,2054,1757

Dark Measurment Timestamp:20140415T110531
GR_L,0,2,2,3,1,2
GR_R,0,0,0,1,0,0
UV_L,0,2,3,4,1,3
UV_R,0,3,3,6,1,4

Light Measurement Timestamp:20140415T110547
GR_L,1993,2008,2039,1994,1970,1994
GR_R,1819,2070,2075,2129,2148,1935
UV_L,2035,2085,1968,1952,1726,2088
UV_R,1886,2249,1907,2065,2062,1762

Dark Measurment Timestamp:20140422T163233
GR_L,0,2,2,3,1,2
GR_R,0,0,0,1,0,0
UV_L,0,2,3,4,1,3
UV_R,0,3,3,6,1,4

Light Measurement Timestamp:20140422T163239
GR_L,1993,2007,2039,1992,1970,1990
GR_R,1814,2064,2069,2125,2145,1932
UV_L,2028,2076,1963,1945,1722,2080
UV_R,1875,2231,1891,2046,2046,1747

Dark Measurment Timestamp:20140507T081733
GR_L,0,2,2,3,1,2
GR_R,0,0,0,1,0,0
UV_L,0,2,3,4,1,3
UV_R,0,3,3,6,1,4

Light Measurement Timestamp:20140507T081743
GR_L,2120,2002,2032,1988,1965,1989
GR_R,1814,2070,2081,2141,2155,1941
UV_L,2199,2083,1961,1948,1722,2083
UV_R,1885,2254,1905,2065,2055,1761

Dark Measurment Timestamp:20140513T114421
GR_L,0,2,2,3,1,2
GR_R,0,0,0,1,0,0
UV_L,0,2,3,4,1,3
UV_R,0,3,3,6,1,4

Light Measurement Timestamp:20140513T114428
GR_L,2028,2018,2049,2000,1974,2000
GR_R,1806,2057,2065,2140,2152,1942
UV_L,2068,2104,1982,1964,1733,2101
UV_R,1893,2263,1914,2072,2068,1768

Dark Measurment Timestamp:20140521T094546
GR_L,0,2,2,3,1,2
GR_R,0,0,0,1,0,0
UV_L,0,2,3,4,1,3
UV_R,0,3,3,6,1,4

Light Measurement Timestamp:20140521T094554
GR_L,2029,2022,2053,2003,1979,2005
GR_R,1831,2081,2093,2145,2163,1943
UV_L,2067,2110,1986,1968,1737,2106
UV_R,1897,2272,1924,2077,2078,1774

Dark Measurment Timestamp:20140603T142810
GR_L,0,2,2,3,1,2
GR_R,0,0,0,1,0,0
UV_L,0,2,3,4,1,3
UV_R,0,3,3,6,1,4

Light Measurement Timestamp:20140603T142818
GR_L,2015,2010,2041,1993,1969,1995
GR_R,1821,2072,2086,2137,2155,1941
UV_L,2043,2090,1968,1952,1722,2084
UV_R,1886,2254,1909,2064,2062,1764

Dark Measurment Timestamp:20140611T140534
GR_L,0,2,2,3,1,2
GR_R,0,0,0,1,0,0
UV_L,0,2,3,4,1,3
UV_R,0,3,3,6,1,4

Light Measurement Timestamp:20140611T140543
GR_L,2011,2004,2038,1988,1963,1990
GR_R,1816,2069,2076,2131,2149,1934
UV_L,2039,2093,1970,1951,1722,2082
UV_R,1889,2261,1913,2069,2071,1765

Dark Measurment Timestamp:20140701T102805
GR_L,0,2,2,3,1,2
GR_R,0,0,0,1,0,0
UV_L,0,2,3,4,1,3
UV_R,0,3,3,6,1,4

Light Measurement Timestamp:20140701T102812
GR_L,2001,1996,2028,1977,1953,1977
GR_R,1809,2060,2075,2125,2143,1932
UV_L,2010,2064,1950,1929,1703,2055
UV_R,1864,2225,1878,2036,2035,1742

Dark Measurment Timestamp:20140909T092519
GR_L,0,2,2,3,1,2
GR_R,0,0,0,1,0,0
UV_L,0,2,3,4,1,3
UV_R,0,3,3,6,1,4

Light Measurement Timestamp:20140909T092530
GR_L,2017,2016,2048,1995,1973,1998
GR_R,1817,2074,2084,2155,2164,1971
UV_L,1992,2069,1968,1941,1711,2087
UV_R,1890,2252,1900,2066,2062,1773

Dark Measurment Timestamp:20141009T103041
GR_L,0,2,2,3,1,2
GR_R,0,0,0,1,0,0
UV_L,0,2,3,4,1,3
UV_R,0,3,3,6,1,4

Light Measurement Timestamp:20141009T103047
GR_L,2014,2013,2051,2002,1976,2009
GR_R,1819,2071,2083,2138,2151,1941
UV_L,1988,2086,1970,1953,1718,2094
UV_R,1877,2249,1887,2045,2033,1752

Dark Measurment Timestamp:20141022T091119
GR_L,0,2,2,3,1,2
GR_R,0,0,0,1,0,0
UV_L,0,2,3,4,1,3
UV_R,0,3,3,6,1,4

Light Measurement Timestamp:20141022T091126
GR_L,2014,2011,2049,1995,1971,1997
GR_R,1822,2072,2082,2140,2155,1940
UV_L,1997,2101,1976,1961,1724,2094
UV_R,1888,2265,1903,2053,2055,1758

Dark Measurment Timestamp:20141029T093304
GR_L,0,2,2,3,1,2
GR_R,0,0,0,1,0,0
UV_L,0,2,3,4,1,3
UV_R,0,3,3,6,1,4

Light Measurement Timestamp:20141029T093310
GR_L,2018,2015,2052,1998,1975,1998
GR_R,1826,2077,2089,2148,2163,1949
UV_L,1996,2104,1979,1962,1721,2097
UV_R,1889,2267,1909,2059,2062,1768

Dark Measurment Timestamp:20141105T110659
GR_L,0,2,2,3,1,2
GR_R,0,0,0,1,0,0
UV_L,0,2,3,4,1,3
UV_R,0,3,3,6,1,4

Light Measurement Timestamp:20141105T110713
GR_L,2018,2016,2052,2001,1976,2002
GR_R,1827,2078,2092,2150,2165,1954
UV_L,1991,2102,1980,1963,1722,2098
UV_R,1890,2268,1907,2061,2062,1767

Dark Measurment Timestamp:20141112T092523
GR_L,0,2,2,3,1,2
GR_R,0,0,0,1,0,0
UV_L,0,2,3,4,1,3
UV_R,0,3,3,6,1,4

Light Measurement Timestamp:20141112T092531
GR_L,1992,1986,2025,1984,1964,1991
GR_R,1812,2059,2072,2124,2147,1935
UV_L,1953,2063,1950,1937,1705,2075
UV_R,1869,2232,1878,2027,2035,1742

Dark Measurment Timestamp:20141119T133009
GR_L,0,2,2,3,1,2
GR_R,0,0,0,1,0,0
UV_L,0,2,3,4,1,3
UV_R,0,3,3,6,1,4

Light Measurement Timestamp:20141119T133020
GR_L,2023,2007,2045,1993,1965,1988
GR_R,1831,2077,2083,2144,2161,1954
UV_L,1987,2092,1968,1956,1718,2081
UV_R,1904,2281,1896,2046,2058,1762

Dark Measurment Timestamp:20141203T093919
GR_L,0,2,2,3,1,2
GR_R,0,0,0,1,0,0
UV_L,0,2,3,4,1,3
UV_R,0,3,3,6,1,4

Light Measurement Timestamp:20141203T093926
GR_L,2024,1995,2052,1987,1974,1979
GR_R,1823,2070,2069,2142,2153,1955
UV_L,1980,2090,1968,1957,1718,2088
UV_R,1908,2282,1897,2043,2053,1757

Dark Measurment Timestamp:20150121T100119
GR_L,0,2,2,3,1,2
GR_R,0,0,0,1,0,0
UV_L,0,2,3,4,1,3
UV_R,0,3,2,6,1,4

Light Measurement Timestamp:20150121T100126
GR_L,2000,1989,2030,1983,1959,1961
GR_R,1814,2057,2063,2120,2128,1920
UV_L,1938,2059,1973,1939,1718,2067
UV_R,1878,2232,1858,1999,2008,1724

Dark Measurment Timestamp:20150204T091316
GR_L,0,2,2,3,1,2
GR_R,0,0,0,1,0,0
UV_L,0,2,3,4,1,3
UV_R,0,3,2,6,1,4

Light Measurement Timestamp:20150204T091323
GR_L,2008,2001,2029,2002,1974,1980
GR_R,1825,2068,2076,2131,2137,1912
UV_L,1954,2087,1987,1961,1734,2103
UV_R,1897,2241,1888,2020,2030,1680

Dark Measurment Timestamp:20150520T100730
GR_L,0,2,2,3,1,2
GR_R,0,0,0,1,0,0
UV_L,0,2,3,4,1,3
UV_R,0,3,2,6,1,4

Light Measurement Timestamp:20150520T100736
GR_L,1993,2039,2060,2004,1915,1963
GR_R,1859,2141,2062,2139,2163,2006
UV_L,1755,1962,1829,1863,1761,2079
UV_R,1877,2335,1908,2118,2048,1712

Dark Measurment Timestamp:20160405T151610
GR_L,0,2,2,3,1,2
GR_R,0,0,0,0,0,0
UV_L,0,2,3,4,1,3
UV_R,0,3,2,6,1,4

Light Measurement Timestamp:20160405T151618
GR_L,1945,2003,2076,2019,1948,1984
GR_R,1831,2112,2071,2159,2118,1947
UV_L,1719,1949,1824,1829,1759,2100
UV_R,1953,2321,1914,2035,1982,1660

